Optimal:
171
374
591
790
977
1165
1368
1560
1780
2014
2203
2415
2589
2782
2961
3151
3366
3583
3817
4025
MTF:
276
531
803
1097
1360
1639
1904
2178
2447
2746
3018
3292
3563
3836
4124
4393
4687
4957
5257
5494
Transpose:
275
561
814
1109
1399
1674
1940
2224
2502
2759
3014
3265
3543
3809
4081
4350
4630
4913
5159
5418
BIT:
1110010100
265
575
873
1121
1404
1700
1958
2264
2542
2801
3095
3369
3664
3919
4206
4504
4756
5015
5314
5617
FC:
267
542
796
1089
1372
1655
1933
2203
2501
2784
3068
3336
3627
3932
4236
4524
4806
5065
5354
5656